000668223878
000773735451
000777068644
000723047031
000655678555
000683328215
000679776310
000655582625
000711721290
000738633460
000691544779
000741131692
000742387012
000691702849
000655562890
000711725424
000767768781
000726625692
000691509889
000681662847
000657903589
000681969135
000679929190
000733240501
000723548863
000693769598
000683273718
000731369724
000770598480
000676088909
000738160753
000723047478
000657480281
000742903362
000766764187
000692292881
000655657062
000661897371
000685897613
000711649772
000758094627
000683116610
000683116974
000683324412
000733792238
000732661525
000661585216
000662055219
000699379400
000738158047
000672833266
000688296573
000657213807
000657593976
000655921385
000741615652
000777498098
000687047548
000693629305
000683339907
000657919742
000740705850
000740139480
000742434939
000861498426
001173959063
001182100121
001109460921
001162975385
001134768256
001116531037
000874788185
001182274934
001147634834
001171613423
001182337038
001107313668
001156516807
001205282708
001134637576
000860774249
000875997330
001115259697
001161037922
000864252150
001197621905
001163915505
001150889986
001134121498
001169987508
001125819266
001166826196
001197609330
001174217818
001133449015
001136789763
001126442910
001162441222
001109496602
001131546218
001137057129
000854850088
001190596567
001196189797
001143595781
001166197838
001130130022

