000253962401
000186729364
000183100981
000244415220
000257351866
000185111861
000171995657
000170295018
000184813491
000257844449
000254825821
000267140994
000170151948
000263468217
000214452617
000183056050
000182395921
000212967541
000216556209
000201615192
000225823434
000183282516
000260063847
000239483654
000124926726
000230662504
000254600166
000183459585
000252690953
000214470387
000251094454
000253799985
000188791545
000247079296
000206987984
000222870115
000172173304
000236374021
000218200285
000236792461
000170947733
000157539206
000169402666
000130160047
000263803439
000267147742
000230704603
000173746256
000189459316
000218904407
000208462580
000254892102
000256907635
000222473415
000254808603
000177691953
000257915454
000159544626
000193785748
000216826867
000177108677
000162736128
000123313934
000223077975
000201203999
000237297346
000213775943
000242332336
000221003999
000209988930
000220226989
000225747856
